每幅图像的标定误差：
第1幅图像的平均误差：0.0409136像素
第2幅图像的平均误差：0.0506585像素
第3幅图像的平均误差：0.0461904像素
第4幅图像的平均误差：0.0442077像素
第5幅图像的平均误差：0.0503707像素
第6幅图像的平均误差：0.0490308像素
第7幅图像的平均误差：0.0522517像素
第8幅图像的平均误差：0.0491352像素
第9幅图像的平均误差：0.0469206像素
第10幅图像的平均误差：0.0431635像素
第11幅图像的平均误差：0.0479082像素
第12幅图像的平均误差：0.0365737像素
第13幅图像的平均误差：0.0462641像素
总体平均误差：0.0464299像素

相机内参数矩阵：
[496.8101961074962, 0, 319.7768522570209;
 0, 496.9289356070799, 235.5481750892378;
 0, 0, 1]

畸变系数：
[0.09967978114266016, -0.3094795750401116, -0.008775503051109671, -0.001407575722095145, -1.248475324474103]


第1幅图像的旋转向量：
[64.66173968220977;
 -41.22449264975216;
 488.7767375493988]
第1幅图像的旋转矩阵：
[-0.0271806726924677, 0.9755327834095853, 0.2181673658573429;
 -0.99829319025921, -0.03777548857602572, 0.04453895760938963;
 0.05169059212345506, -0.2165843968433306, 0.9748944977431852]
第1幅图像的平移向量：
[0.02648805289230046;
 2.954501524422395;
 -0.3965416295505611]

第2幅图像的旋转向量：
[35.40482585675916;
 -32.3738673135594;
 584.7446400232]
第2幅图像的旋转矩阵：
[-0.7127119469362493, -0.6984357522365626, 0.06503215121836359;
 0.6869882770255836, -0.7137378252714174, -0.1364749940694186;
 0.1417349213276716, -0.05259103321455759, 0.9885066490933001]
第2幅图像的平移向量：
[0.1114325127495902;
 2.983555337185721;
 -0.4362196498343966]

第3幅图像的旋转向量：
[75.12948180688646;
 -61.39396274934638;
 491.5735262796607]
第3幅图像的旋转矩阵：
[-0.003864381852686692, 0.9618490957669628, 0.2735532553730122;
 -0.9995839093057113, -0.01153496648379065, 0.02643771558454332;
 0.02858452046139667, -0.2733372669807277, 0.9614934548240556]
第3幅图像的平移向量：
[0.001189202324161445;
 -2.983958350839587;
 0.341167846735852]

第4幅图像的旋转向量：
[52.50233703274947;
 -37.18459131784679;
 482.3527458679297]
第4幅图像的旋转矩阵：
[-0.925794762106098, -0.3301317811411812, 0.1841658642025293;
 0.2980041417667001, -0.9370987368461621, -0.1817676783457939;
 0.2325888861205663, -0.1133973742283246, 0.9659417402573074]
第4幅图像的平移向量：
[-0.05088297561882188;
 2.7660661875938;
 -0.3482645464141281]

第5幅图像的旋转向量：
[106.0267724608439;
 16.02283198026498;
 448.4584535062888]
第5幅图像的旋转矩阵：
[-0.6629634239327866, -0.6228216697333403, 0.4154186638054317;
 0.6508804664459861, -0.7536790551901066, -0.09122773792440476;
 0.3699109581052877, 0.2099072401760413, 0.9050441058839652]
第5幅图像的平移向量：
[0.06572862010898134;
 2.99639783558555;
 -0.04226675398916559]

第6幅图像的旋转向量：
[84.92816371163569;
 -44.01620363468179;
 380.9084011175314]
第6幅图像的旋转矩阵：
[-0.9058305469494909, -0.01282595353175378, 0.4234460002517291;
 -0.08408584793394529, -0.9742114791894899, -0.2093837720375088;
 0.4152115007925665, -0.2252720327324883, 0.8813920358604097]
第6幅图像的平移向量：
[0.1581214667765466;
 -3.030548651052976;
 0.04268710823063064]

第7幅图像的旋转向量：
[116.3380748555941;
 -43.15815500054413;
 484.8240291684044]
第7幅图像的旋转矩阵：
[-0.5053424166098962, 0.7493387364135901, 0.4279258114264134;
 -0.8131436135093421, -0.5795044260664394, 0.05451682289327348;
 0.2888364689298082, -0.3204154775904105, 0.9021681749744168]
第7幅图像的平移向量：
[-0.1052483968038359;
 2.933598420637691;
 -0.226845964458186]

第8幅图像的旋转向量：
[23.48481868284636;
 -43.66043960924418;
 488.4248520860924]
第8幅图像的旋转矩阵：
[0.663777976628866, -0.7462202569413943, -0.0505383604087833;
 0.7433529151209097, 0.6656721355590426, -0.06562813056539912;
 0.08261501875406287, 0.005994670181335447, 0.9965635065592571]
第8幅图像的平移向量：
[0.1248826288426205;
 2.734031182229164;
 -0.1803582334066857]

第9幅图像的旋转向量：
[91.27746836960802;
 -67.8857006583011;
 330.9852281441173]
第9幅图像的旋转矩阵：
[-0.2074539437953846, 0.8379119288035044, 0.5048430060647886;
 -0.9689898912073531, -0.2468328288133583, 0.01149544944563505;
 0.1342440015110664, -0.4868029932003153, 0.8631346325281535]
第9幅图像的平移向量：
[0.07359951058149072;
 3.032820062873;
 0.00156465652026238]

第10幅图像的旋转向量：
[52.4273874907057;
 -80.28171629673263;
 351.1357301793215]
第10幅图像的旋转矩阵：
[0.9096784136634535, 0.4017331922993315, 0.1053357770167908;
 -0.4075934626759454, 0.9122518072057494, 0.04079472311067828;
 -0.07970415860276912, -0.08004425310309667, 0.9935995997616908]
第10幅图像的平移向量：
[-0.05434334838458916;
 -2.96010958504852;
 0.09551431181441408]

第11幅图像的旋转向量：
[97.97192419763967;
 -34.15433633541876;
 333.1207357699503]
第11幅图像的旋转矩阵：
[-0.8261001062802127, 0.1238039495378008, 0.5497555788554246;
 -0.2327865647654043, -0.9634123518936033, -0.1328422202598186;
 0.513194923658198, -0.2377166849375062, 0.8246949424082691]
第11幅图像的平移向量：
[-0.03058088497150493;
 3.068426100294019;
 0.2450255351686297]

第12幅图像的旋转向量：
[79.06649003004614;
 12.2799722156533;
 678.8057281214468]
第12幅图像的旋转矩阵：
[0.2180086122104029, 0.9731767136061916, 0.07348012722326258;
 -0.9698822197250115, 0.2076583965670683, 0.1273046354084515;
 0.1086311413149043, -0.09902057579032197, 0.9891381100264889]
第12幅图像的平移向量：
[-0.03356803410759775;
 3.027835020395394;
 -0.4091562053686552]

第13幅图像的旋转向量：
[61.00355853461797;
 53.19417698287699;
 711.2777314949287]
第13幅图像的旋转矩阵：
[0.9157029589606127, 0.4012098873147424, -0.02277536545634803;
 -0.4001345099367082, 0.9155551891313616, 0.04063335590801164;
 0.03715460817299576, -0.02809487454196071, 0.9989145174217775]
第13幅图像的平移向量：
[0.0027583168672251;
 3.046138854697097;
 -0.1866450028556132]


