每幅图像的标定误差：
第1幅图像的平均误差：0.0908314像素
第2幅图像的平均误差：0.0806003像素
第3幅图像的平均误差：0.0917459像素
第4幅图像的平均误差：0.0962228像素
第5幅图像的平均误差：0.129901像素
第6幅图像的平均误差：0.085369像素
第7幅图像的平均误差：0.150121像素
第8幅图像的平均误差：0.101097像素
第9幅图像的平均误差：0.114073像素
第10幅图像的平均误差：0.105766像素
第11幅图像的平均误差：0.177837像素
第12幅图像的平均误差：0.0657675像素
第13幅图像的平均误差：0.0897121像素
总体平均误差：0.10608像素

相机内参数矩阵：
[3177.993885108326, 0, 2053.743854791097;
 0, 3175.556089524077, 1531.915911045275;
 0, 0, 1]

畸变系数：
[0.122365694547518, -0.4478312586077252, -0.004280606290295042, 0.00195590239233949, -0.05599541762093405]


第1幅图像的旋转向量：
[63.55917716242311;
 -44.97442849723213;
 488.7620021455106]
第1幅图像的旋转矩阵：
[0.1382953641354419, 0.969720366972656, 0.2012878588913478;
 -0.9901695388461922, 0.1310805901053024, 0.04880740967071273;
 0.02094460789235762, -0.2060589449067022, 0.9783154065147764]
第1幅图像的平移向量：
[0.02742706391349537;
 2.954245349870557;
 -0.3866369790571354]

第2幅图像的旋转向量：
[34.09581962364236;
 -36.816635416171;
 584.2201683987354]
第2幅图像的旋转矩阵：
[-0.4427941317260862, -0.896194509003001, 0.02772650251675142;
 0.8856237737510546, -0.4419817659301236, -0.1425575320782121;
 0.1400138860109327, -0.03856838884578213, 0.9893980953620027]
第2幅图像的平移向量：
[0.1108866898379029;
 2.979303370068629;
 -0.41805184829216]

第3幅图像的旋转向量：
[73.99556283624628;
 -65.19688176992439;
 491.8929334227711]
第3幅图像的旋转矩阵：
[0.5723181722291852, 0.8020796659520117, 0.1706461813301259;
 -0.8188398528682033, 0.570190770061784, 0.06621012831228446;
 -0.04419507994137034, -0.1776251536316275, 0.9831053350004346]
第3幅图像的平移向量：
[0.002282612015223282;
 -2.993743611087095;
 0.3235158770113844]

第4幅图像的旋转向量：
[51.38463961462973;
 -40.85332849714151;
 482.1454268558251]
第4幅图像的旋转矩阵：
[-0.9167252415005499, -0.3597368731112022, 0.1737935951637267;
 0.3253662342264101, -0.9246774730747054, -0.1977583990972381;
 0.2318440105352808, -0.1247435485800868, 0.9647214115311036]
第4幅图像的平移向量：
[-0.04936713276402922;
 2.7650059191773;
 -0.3407723664283759]

第5幅图像的旋转向量：
[104.9813433422221;
 12.4952305294048;
 449.0185941043437]
第5幅图像的旋转矩阵：
[-0.7724288125557655, -0.4697072295007738, 0.4274679497791589;
 0.4927529537404027, -0.8678691058101652, -0.06322769773108031;
 0.4006847340663213, 0.1617971994039814, 0.9018167275845075]
第5幅图像的平移向量：
[0.0662114119421794;
 2.988697173218127;
 -0.004629083059718021]

第6幅图像的旋转向量：
[84.05693388906695;
 -46.96403166764696;
 380.954110322331]
第6幅图像的旋转矩阵：
[-0.8822391107406268, 0.1753466125601449, 0.436929876459908;
 -0.2762132724611001, -0.9443274920941801, -0.178750708506138;
 0.3812615632291276, -0.2783866971297275, 0.8815557085433013]
第6幅图像的平移向量：
[0.1584976098897179;
 -3.035007969550918;
 0.03280416876853046]

第7幅图像的旋转向量：
[115.0992292069466;
 -46.94972831475304;
 484.91444903902]
第7幅图像的旋转矩阵：
[-0.3930877873036012, 0.8228659524949348, 0.4103335420086477;
 -0.8863013278069077, -0.4579071774027349, 0.06921685640631564;
 0.2448508684903345, -0.3364708621971063, 0.9093049054590354]
第7幅图像的平移向量：
[-0.1024769111470681;
 2.928973745305682;
 -0.2120997137756336]

第8幅图像的旋转向量：
[22.37033327031092;
 -47.4052466378089;
 487.8384184161324]
第8幅图像的旋转矩阵：
[0.8485939932935316, -0.5271877987967809, -0.04428610782110535;
 0.5258510855483555, 0.8496949213500942, -0.03871920013989803;
 0.05804197079488075, 0.009568982791407771, 0.9982682826748449]
第8幅图像的平移向量：
[0.1272313729190231;
 2.732403774632203;
 -0.1752798981854111]

第9幅图像的旋转向量：
[90.44690429288053;
 -70.45905847008359;
 331.4240728181277]
第9幅图像的旋转矩阵：
[0.4364673572027981, 0.836383289311693, 0.331601024510718;
 -0.8989457088070357, 0.4206806655290556, 0.1221654217340029;
 -0.03732102241125007, -0.3514125367857322, 0.9354765471544411]
第9幅图像的平移向量：
[0.07371032879616941;
 3.022085578743175;
 0.01583154371768145]

第10幅图像的旋转向量：
[51.59707749073329;
 -83.00414527488552;
 350.8414946992755]
第10幅图像的旋转矩阵：
[0.9753733878908064, 0.2137961624037618, 0.05420290707918485;
 -0.2154190366966359, 0.9761743397188836, 0.02604413759553638;
 -0.04734335035782605, -0.03707909675040791, 0.9981902362581343]
第10幅图像的平移向量：
[-0.05326878129795617;
 -2.963601084973905;
 0.08533420697336006]

第11幅图像的旋转向量：
[97.17073586059323;
 -36.79980800731809;
 333.6118012398766]
第11幅图像的旋转矩阵：
[-0.6274015025268488, 0.5645889901534067, 0.5362896855474742;
 -0.6679056770330922, -0.7442428621281361, 0.002137465388432597;
 0.4003365599267934, -0.3568498765151483, 0.8440312816579156]
第11幅图像的平移向量：
[-0.02994301751876161;
 3.05950420782036;
 0.2616943780614084]

第12幅图像的旋转向量：
[77.50921566863015;
 7.210517908342833;
 678.7208867464471]
第12幅图像的旋转矩阵：
[-0.1112389739684404, 0.986951321225484, 0.1164172676269297;
 -0.9842552843929783, -0.125604048540453, 0.124358988958358;
 0.1373587485926766, -0.1007507445209168, 0.9853841188407363]
第12幅图像的平移向量：
[-0.03429308573534957;
 3.022576508417112;
 -0.4101701603774353]

第13幅图像的旋转向量：
[59.44110740503988;
 47.74859798410472;
 711.2860886363994]
第13幅图像的旋转矩阵：
[0.6067028374704064, 0.7946648951191176, -0.02047856124534794;
 -0.7902719378973925, 0.60573290774745, 0.09250896520726579;
 0.08591816558363882, -0.03994181940198771, 0.995501240524391]
第13幅图像的平移向量：
[0.001676528622562981;
 3.048971663656068;
 -0.1604542019976513]


